0,A,321,16705,833,1089,1345,2113
1,Aacute,449,16833
2,Acirc,453,16837
3,Addot,452
4,Agrave,448,16832
5,Ahat,450,16834
6,Atilde,451,16835
7,Aumlaut,16836
8,B,322,16706,834,1090,1346,2114
9,C,323,16707,835,1091,1347,2115
10,Ccedille,455,16839
11,D,324,16708,836,1092,1348,2116
12,\Delta,580
13,DoubleBeginQuartation,5248
14,DoubleEndQuartation,5154
15,Downarrow,7049
16,E,325,16709,837,1093,1349,2117
17,Eacute,457,16841
18,Egrave,456,16840
19,Ehat,458,16842
20,Eumlaut,459,16843
21,F,326,16710,838,1094,1350,2118
22,G,327,16711,839,1095,1351,2119
23,\gamma,579
24,H,328,16712,840,1096,1352,2120
25,I,329,16713,841,1097,1353,2121,6282
26,Iacute,461,16845
27,Igrave,460,16844
28,Ihat,462,16846
29,Iumlaut,463,16847
30,J,330,16714,842,1098,1354,2122
31,K,331,16715,843,1099,1355,2123
32,KnuthP,6307
33,L,332,16716,844,1100,1356,2124
34,\lambda,587
35,lbrace,6530
36,lbracket,6532
37,lpar,6528
38,Leftarrow,7042
39,Leftrightarrow,7045
40,M,333,16717,845,1101,1357,2125
41,N,334,16718,846,1102,1358,2126
42,Ntilde,465,16849
43,O,335,16719,847,1103,1359,2127
44,Oacute,467,16851
45,Obar,1916,18300
46,Ograve,466,16850
47,Ohat,468,16852
48,\Omega,600
49,Otilde,469,16853
50,Oumlaut,470,16854
51,P,336,16720,848,1104,1360,2128
52,\phi,597
53,\pi,592
54,Psi,599
55,Q,337,16721,849,1105,1361,2129
56,R,338,16722,850,1106,1362,2130,6281
57,Reject,3712
58,rbrace,6531
59,rbracket,6533
60,rpar,6529
61,\rightarrow,7043
62,S,339,16723,851,1107,1363,2131
63,\sigma,594
64,SingleBeginQuartation,5216
65,SingleEndQuartation,5159
66,Space,3713
67,Subset,7556
68,Supset,7557
69,T,340,16724,852,1108,1364,2132
70,\theta,584
71,U,341,16725,853,1109,1365,2133
72,Uacute,474,16858
73,Ubar,1952,18336
74,Ucirc,16859
75,Ugrave,473,16857
76,Uhat,475
77,Uparrow,7048
78,Upsilon,596
79,Uumlaut,476,16860
80,V,342,16726,854,1110,1366,2134
81,W,343,16727,855,1111,1367,2135
82,X,344,16728,856,1112,1368,2136
83,Xi,590
84,Y,345,16729,857,1113,1369,2137
85,Yacute,477,16861
86,Z,346,16730,858,1114,1370,2138
87,a,353,16737,865
88,aacute,481,16865
89,acirc,485,16869
90,acute,6784
91,ae,2432,18816
92,agrave,480,16864
93,ahat,482,16866
94,aleph,6283
95,\alpha,16993
96,ampersand,7206
97,angle,6288
98,approx,7576
99,ast,7210
100,asymp,7627
101,atilde,483,16867
102,atmark,6208
103,aumlaut,484,16868
104,b,354,16738,866
105,backslash,7260
106,\beta,16994
107,blacksquare,6292
108,breve,6789
109,bullet,5167
110,c,355,16739,867
111,cap,7304
112,ccedille,487,16871
113,cdot,5252
114,dots,5250
115,check,6788
116,chi,17014
117,circ,7333,5249
118,colon,5178
119,comma,5164
120,cong,7578
121,copyright,6310
122,cup,7303
123,d,356,16740,868
124,dagger,6305,2694
125,dashv,7585
126,ddagger,6306,2695
127,dddot,6794
128,ddot,6792
129,ddots,5254
130,\Delta,16996
131,\div,7299
131,\div,7299
132,dollar,6180
133,dot,6791
134,doteqdot,7569
135,+,7328
136,doubleprime,5304
137,downarrow,7047
138,e,357,16741,869
139,eacute,489,16873
140,egrave,488,16872
141,ehat,490,16874
142,8,312,16696,24888
143,emptyset,6284
144,epsilon,16997
145,equal,7485
146,equiv,7568
147,eta,16999
148,eumlaut,491,16875
149,!,6177
150,\exists,6286
151,f,358,16742,870
152,fallingdotseq,7601
153,fbox,6323
154,fcircle,6324
155,ff,2434,18818
156,ffi,2437,18821
157,ffl,2438,18822
158,fft,2440,18824
159,fi,2435,18819
160,5,309,16693,24885
161,fl,2436,18820
162,flat,6308
163,\forall,6285
164,4,308,16692,24884
165,frown,7626
166,ft,2439,18823
167,g,359,16743,871
168,\gamma,16995
169,\geq,7559
170,geqq,7561
171,gg,7567
172,grave,6785
173,\gt,7486
174,gtrapprox,7624
175,gtrless,7620
176,h,360,16744,872
177,hat,6786
178,-,6331
179,hookrightarrow,7055
180,hslash,6280
181,hyphen,6326
182,i,361,16745,873
183,iacute,493,16877
184,igrave,492,16876
185,ihat,494,16878
186,\in,7552
187,\infty,6273
188,\int,13296
189,iota,17001
190,iumlaut,495,16879
191,j,362,16746,874
192,k,363,16747,875
193,kappa,17002
194,l,364,16748,876,6279
195,\lambda,17003
196,langle,6564
197,lceil,6562
198,ldots,5251
199,leftarrow,7040
200,leftrightarrow,7044
201,\leq,7558
202,\leqq,7560
203,\lt,7484
204,lessapprox,7623
205,lessgtr,7619
206,lfloor,6560
207,ll,7566
208,llcorner,6536
209,longHyphen,6327
210,lowline,6239
211,lrcorner,6537
212,\times,7329
213,m,365,16749,877
214,mapsto,7054
215,mathring,6797
216,-,7213
217,models,7612
218,mp,7297
219,\mu,17004
220,n,366,16750,878
221,nabla,6275
222,natural,6309
223,nearrow,7051
224,neg,6287
225,ni,7553
226,9,313,16697,24889
227,nmid,7628
228,norm,6566
229,notcong,7621
230,\neq,7570
231,notequiv,7618
232,notgeq,7615
233,notgeqq,7617
234,notin,7573
235,notleq,7614
236,notleqq,7616
237,notni,7574
238,notsimeq,7613
239,notsubset,7571
240,notsupset,7572
241,ntilde,497,16881
242,nu,17005
243,nwarrow,7053
244,o,367,16751,879
245,oacute,499,16883
246,obar,1917,18301
247,oe,2433,18817
248,ograve,498,16882
249,ohat,500,16884
250,\omega,17016
251,ominus,7301
252,1,305,16689,24881
253,+,7300
254,otilde,501,16885
255,otimes,7302
256,oumlaut,502,16886
257,overline,6790
258,p,368,16752,880
259,parallel,7582
260,parcent,6181
261,partial,6274
262,period,5166
263,perp,7583
264,\phi,17013
265,\pi,17008
266,+,7211
267,\pm,7296
268,prec,7579
269,preceq,7610
270,\prime,5303
271,propto,7581
272,psi,17015
273,q,369,16753,881
274,question,6207
275,r,370,16754,882
276,rangle,6565
277,rceil,6563
278,rfloor,6561
279,rho,17009
280,\rightarrow,7041
281,risingdotseq,7600
282,\times,7330
283,s,371,16755,883
284,searrow,7050
285,section,6304
286,semicolon,5179
287,7,311,16695,24887
288,sharp,6179
289,\sigma,17010
290,sim,7575
291,simeq,7577
292,6,310,16694,24886
293,dbar,7215
294,smile,7625
295,\sqrt,13298
296,square,6290
297,ss,479,16863
298,star,6322
299,subset,7554
300,subseteq,7602
301,subseteqq,7604
302,subsetnoteq,7606
303,subsetnoteqq,7608
304,succ,7580
305,succeq,7611
306,supset,7555
307,supseteq,7603
308,supseteqq,7605
309,supsetnoteq,7607
310,supsetnoteqq,7609
311,swarrow,7052
312,t,372,16756,884
313,tau,17011
314,\theta,17000
315,3,307,16691,24883
316,tilde,6787
317,\times,7298
318,triangle,6289
319,triangleleft,7586
320,triangleright,7587
321,tripleprime,5305
322,ttilde,6796
323,2,306,16690,24882
324,u,373,16757,885
325,uacute,506,16890
326,ubar,1953,18337
327,ugrave,505,16889
328,uhat,507,16891
329,ulcorner,6534
330,underline,6795
331,unknown,13297,13301,16688
332,uparrow,7046
333,upsilon,17012
334,urcorner,6535
335,uumlaut,508,16892
336,v,374,16758,886
337,varepsilon,17017
338,varphi,17022
339,varpi,17019
340,varpitchfork,7622
341,varrho,17020
342,varsigma,17021
343,vartheta,17018
344,vdash,7584
345,vdots,5253
346,vec,6793
347,vee,7305
348,vert,6524
349,w,375,16759,887
350,wedge,7306
351,wp,6320
352,x,376,16760,888
353,xi,17006
354,y,377,16761,889
355,yacute,509,16893
356,yen,6227
357,z,378,16762,890
358,0,304,24880
359,zeta,16998
